Testing convergence of m
m = 100 -> 6400 (x2)
N = 50, results for Z_25 * Z_26 correlator
M = 20

avg = [0.00191111, 0.00477778, 0.00588889, 0.00478889, 0.00893333, -0.0162444, -0.0087]
err = [0.000730861, 0.00130427, 0.00200164, 0.0018893, 0.00231862, 0.00236512, 0.00235627]

m = 100 -> 12800 (x2)
N = 20, results for Z_10 * Z_11 correlator
M = 20

avg = [0.0162667, 0.0461556, 0.0556222, 0.0527333, 0.0584, 0.0593333, 0.0485111, 0.0691667]
err = [0.00107333, 0.00188359, 0.00210937, 0.00179562, 0.00154812, 0.0018325, 0.00177605, 0.00188453]