Koffel anti-ferromagnet

N = 20, m = 2000, steps = 100000, delay = 5000, M = 5
theta = 0.5, alpha = 2
Z_10 * Z_i correlators
avg = [-0.467928, 0.266792, -0.173617, 0.120467, -0.0792884, 0.0582779, -0.0424084, 0.0295326, -0.0185432, 0.0110232]
err = [0.00154856, 0.00123924, 0.00112077, 0.0019481, 0.00280625, 0.00184535, 0.00187553, 0.00121897, 0.000706305, 0.000706695]

N = 20, m = 4000, steps = 100000, delay = 10000, M = 5
theta = 0.5, alpha = 3
Z_10 * Z_i correlators
avg = [-0.556573, 0.407058, -0.316858, 0.254249, -0.217591, 0.182147, -0.148329, 0.128107, -0.0948978, 0.0681156]
err = [0.00061468, 0.00169247, 0.00150857, 0.00148512, 0.000974594, 0.00208813, 0.000623605, 0.000884296, 0.00160576, 0.00138357]