M^2 vs. T/J (0.5:0.1:5.0), h/J = 0.5, steps = 10000, delay = steps/5, sample size per site=100

N = 16
avg = [0.976151, 0.976387, 0.975943, 0.974342, 0.971501, 0.965487, 0.955331, 0.938903, 0.916461, 0.88479, 0.845629, 0.798053, 0.74387, 0.688547, 0.633051, 0.577924, 0.526543, 0.480788, 0.439014, 0.403135, 0.372332, 0.343306, 0.318311, 0.29687, 0.27727, 0.262197, 0.246918, 0.234702, 0.223746, 0.213672, 0.203249, 0.195503, 0.187878, 0.182014, 0.175858, 0.170165, 0.165298, 0.160543, 0.155643, 0.152504, 0.149538, 0.145327, 0.141761, 0.139305, 0.136195, 0.134099]
err = [1.5234e-5, 1.63876e-5, 1.48664e-5, 1.68243e-5, 1.46556e-5, 1.82666e-5, 2.66071e-5, 3.18272e-5, 3.58521e-5, 4.76742e-5, 5.08305e-5, 6.36834e-5, 7.82259e-5, 7.63632e-5, 8.24125e-5, 8.95145e-5, 8.32665e-5, 7.84825e-5, 7.08913e-5, 6.05686e-5, 6.12544e-5, 6.14653e-5, 6.08021e-5, 5.54079e-5, 5.71377e-5, 4.61023e-5, 4.73637e-5, 4.59872e-5, 4.60844e-5, 4.50132e-5, 4.15795e-5, 3.58417e-5, 4.02886e-5, 3.564e-5, 3.59681e-5, 3.26603e-5, 3.49013e-5, 3.13127e-5, 3.3711e-5, 3.1591e-5, 2.94067e-5, 2.95074e-5, 2.80771e-5, 2.92008e-5, 2.98981e-5, 2.36732e-5]

N = 32
avg = [0.976494, 0.976555, 0.975962, 0.974882, 0.972482, 0.967303, 0.957809, 0.942774, 0.918498, 0.883927, 0.835166, 0.772343, 0.700183, 0.620696, 0.542112, 0.470911, 0.406005, 0.350579, 0.30641, 0.269943, 0.238956, 0.214147, 0.193019, 0.176397, 0.16197, 0.149633, 0.139382, 0.130681, 0.123149, 0.116439, 0.110273, 0.105263, 0.101515, 0.0968527, 0.0932197, 0.0897556, 0.0872001, 0.084296, 0.0820253, 0.0795009, 0.0776314, 0.0755309, 0.0739878, 0.0723794, 0.0707655, 0.0693829]
err = [1.22942e-5, 1.15959e-5, 1.11509e-5, 1.14988e-5, 1.2829e-5, 1.52304e-5, 1.64969e-5, 2.18798e-5, 3.02678e-5, 4.39569e-5, 5.19353e-5, 6.09869e-5, 6.89827e-5, 7.21544e-5, 6.78894e-5, 8.09532e-5, 7.56236e-5, 7.33849e-5, 5.62724e-5, 4.58098e-5, 4.73945e-5, 3.71031e-5, 3.51772e-5, 3.22871e-5, 3.59718e-5, 2.88386e-5, 2.78319e-5, 2.79129e-5, 2.19701e-5, 2.37862e-5, 2.14621e-5, 2.02912e-5, 1.97016e-5, 2.13217e-5, 2.09295e-5, 1.91686e-5, 1.61059e-5, 1.63239e-5, 1.65222e-5, 1.81122e-5, 1.4505e-5, 1.63107e-5, 1.50113e-5, 1.44453e-5, 1.42274e-5, 1.47792e-5]

N = 64, sample size = 50
avg = [0.976508, 0.976494, 0.97631, 0.97512, 0.972646, 0.968102, 0.959465, 0.944379, 0.920695, 0.881836, 0.825184, 0.747455, 0.650555, 0.545125, 0.443105, 0.354839, 0.284904, 0.23342, 0.191932, 0.163049, 0.13838, 0.121331, 0.108174, 0.0966214, 0.0877014, 0.0801513, 0.0739846, 0.0694184, 0.0647956, 0.0608413, 0.057609, 0.054716, 0.052156, 0.0502, 0.0482076, 0.0463746, 0.0449195, 0.0432135, 0.041731, 0.0406325, 0.0394844, 0.0384922, 0.0374443, 0.0366603, 0.0358603, 0.035335]
err = [1.55385e-5, 2.23968e-5, 1.72845e-5, 1.95949e-5, 2.22224e-5, 2.76846e-5, 2.19434e-5, 4.20833e-5, 4.86462e-5, 6.67528e-5, 0.000112871, 0.000130163, 0.000145557, 0.000162662, 0.000149888, 0.000135832, 0.000131183, 8.74747e-5, 7.82987e-5, 7.07821e-5, 5.50476e-5, 5.18374e-5, 5.1631e-5, 4.21207e-5, 3.02774e-5, 3.32628e-5, 2.65982e-5, 2.59276e-5, 2.49747e-5, 1.88859e-5, 2.37482e-5, 2.4324e-5, 2.05073e-5, 1.76216e-5, 1.98404e-5, 1.91118e-5, 1.62809e-5, 1.65816e-5, 2.00222e-5, 1.85092e-5, 1.53488e-5, 1.64742e-5, 1.50361e-5, 1.59301e-5, 1.63025e-5, 1.46664e-5]